$ANSIBLE_VAULT;1.1;AES256
32366238633265633061323663626566666462356539383264386638346435633962623936643439
6230363639383233373362633638373638626634363437650a323033613938616133613565626335
37333865353234633465633863643934346464393135666261346332623638306631633335306332
6531663638653333330a343762353239376366333565376437656130376366643561643333333362
37326430656132666166333130396632656632313766316434396465623135353230643362376632
34333162313361636530616231623064376237353237396533386562396534353439613061653033
64393132633035656365663737663061323237343762313539643165656531333362623735393438
33303661373166373765623863376537336431613331303731653663623936306136386636393831
30666335636133656132643131663836656632343830373933336466333332376532373561333362
38663134623738333339353434393137326361616330333436306362613263356335343238343030
65666330633866383737623234353163353032373232353361653664633334333761623636623236
64653239303630636238623966636237363166613637343434313037373364666332316437333930
64393638383131633063623938666462363662663634363532633436353136663032646332373032
35626335386430626662636338663263313665363631303939366161303938336338353238616230
37366633656432636635626439343965336237636539643562616632323362306131346539616132
39663934393231646566303331636566336234636537663637383838333737633038333861663264
39376165666161663439623837643530386661343131393032643063633435336632303661646236
62643062303336303239663762393965383837366262656535313633353632633130386336636238
34396338313035643665666632383732623161313464353134616161396537333937383162373830
35616539303233366639626533356133373764336235373435346339373332333934653739366634
33643632343739646430303063346266336533653861353637663932393732333337626336323638
39393437623665346335326433393363303231623033343331663765623335366333346133663364
64613464346636306538663138373832383932326331383464353533336563656437643335626530
34323833313666663634353538333561353962383133353630656337613936626335396161366239
64636132363732363135653531303232633132393039626666376464626436633934643561353339
63396234343363353335653662343436656338316139646666363834333763386336353863343562
63346561333934393531666636666433616562356638343135303962333934663835613632613865
33633731643064313737313834626236656361653632343862656138316466623361306132633361
65633663363864666138623433616530373962376161346235396635633239383838643338303432
32306563306661623230316130323138373339346138633230623533363939643536616635383735
32666437356363663366366639383964393336663161326437316662613439613237306565373064
63666162363738353838366664383033396138626535623632646330643633653265616338666538
31646338356165623737376135333439613931633163333033333138626435383836323639363032
62326463626539666632366437613963376638616665366462373435633437383230613934363432
37353036383734653633633535336334656139646533313135393266666630653131306535643763
33343661633962303961363532646233373538353535616533383839353964633837663634633933
36653734333966653438396664653262383034636233343331323537376534656332623633376262
66313432373662306136376663656365643064316539393031616333326335346566343038333466
31303639633139663865396133643263623137626231343730376266623430633933326139366633
36623030366533326137303032643565643238323064613737663563346363626235333338333934
31363439643364653534323830333838643866326531626564333537393930396137353239326330
64303939366332353764366632313731323237653037366132616636653563636132663739336561
38343333376339383665653339323634363262616561633134306536636530313735316334613038
64613635373262366462326630373463336536346238313466376462383332653730656262353165
37646639626637653963383966636331383662613362393262613161656135623966393439316235
34383865353337333738303938653364343232386237343031393338316535333932313061363830
64313936623561376434393833653833336234323132373433336637313364336135356361633862
33393964373631656539623134616436636432303637303765343934333931386638326464356337
36613965333865623863356238356137353361316566636137383264663033633863346530353364
38613866303165383033356466313562316538343264613334313931343432616339643935393464
30383636633035623661643465623336383363653838373363306633353635373831623330313131
32313435393332666231383935396233613665303830616437636232373162333464313332613162
39383964643738323362303137616364646264616433643934626339326137613834366636383266
36656661303534616335366361393534393631363262326330366238303761336362386331353666
62356538356235333535636239366265636635333063653434633235323938663734326639363561
39373737363331356463363637643163613139353765386563386638643731653964653135346638
66616137383836613132393636353530656431636538333933393364646364323435633433306136
37386232656362633162343233313336383133366136643033643335613932663164646162303661
32393264346262666163656334646538313337343164303837323564303537333265373362383036
38323836663735306564336566396635356563346563396536323736633163653638663633396464
36383033363936633730653830613965336165373465353463663763346637353037663539376139
61633438363165386636393938373833633661633965303338383336356634653432333838396433
35626562363130623536663830346163316433333437383937366139323661333731376230633936
30633461336530666362383230313133333733383830306330396461356165653139396436633964
35636332303537616566643333663161643833303930393765323139626439306338646538656663
64386233323330363661393437326164643937633830306462613639306437613036343061346231
39613438643066303538326633343431643735376634393332623061333039313430613336653562
35303631376162363439386534343264373463393734333463366436666636343133616132373466
62613934306431313434666238643061323036383836316265316635356638343263313830353862
64633763376530333931616162396133623662653634333933316339366365383035306533633437
30653566366535363934613861633638376665306634663162366466393537333739646430623036
34646431333831636131396532323430356433633832373238376565633937646339333539663063
61343930336439613164623830306163323732303939633933333930653439656166396261393237
38316166366435396237366366363636383533653364643963303633666162393934376333613763
32326335353432666337616233313130323161613433623761386639376435366564616536393635
36613735656535623834656635663832386565346239333865646463393934653031383235313135
34623363623034343464656230323336313862323938373064376637383836653433373635393836
37626432323162613036633736643932373836613665383732626330613535373936346431623137
38383437333035346538356466336265373337356462376531383836656236623739316464303336
32326133303136646432616463326564353536383737613431616531333730313337383839366433
35303037653036646534346336616661643962323134383466373136653039663039386266333566
62326139366337353039613265646138353762633730333963323437326364653537373031373839
39646132666439383734306333616264313961353330303938356336366562633963323564373332
61333362643237366638343432623765646335653664343762346130626338633962633036393335
33646637623366353266323132363132383537613137633130383062373462373762303764383361
37666435373266666331383732653932343265366438343163643430366562366233396337666462
30626331663863396232386337313630303364643632383934373630616439393533623963353061
65363162333666663663
